data1 = 18;
data2 = 378;
r     = 10;

